Date,Confirmed,New,Recovered,Deaths,Active
2020-01-22T00:00:00Z,1,1,0,0,1
2020-01-23T00:00:00Z,1,0,0,0,1
2020-01-24T00:00:00Z,2,1,0,0,2
2020-01-25T00:00:00Z,2,0,0,0,2
2020-01-26T00:00:00Z,5,3,0,0,5
2020-01-27T00:00:00Z,5,0,0,0,5
2020-01-28T00:00:00Z,5,0,0,0,5
2020-01-29T00:00:00Z,5,0,0,0,5
2020-01-30T00:00:00Z,5,0,0,0,5
2020-01-31T00:00:00Z,7,2,0,0,7
2020-02-01T00:00:00Z,8,1,0,0,8
2020-02-02T00:00:00Z,8,0,0,0,8
2020-02-03T00:00:00Z,11,3,0,0,11
2020-02-04T00:00:00Z,11,0,0,0,11
2020-02-05T00:00:00Z,11,0,0,0,11
2020-02-06T00:00:00Z,11,0,0,0,11
2020-02-07T00:00:00Z,11,0,0,0,11
2020-02-08T00:00:00Z,11,0,0,0,11
2020-02-09T00:00:00Z,11,0,3,0,8
2020-02-10T00:00:00Z,11,0,3,0,8
2020-02-11T00:00:00Z,12,1,3,0,9
2020-02-12T00:00:00Z,12,0,3,0,9
2020-02-13T00:00:00Z,13,1,3,0,10
2020-02-14T00:00:00Z,13,0,3,0,10
2020-02-15T00:00:00Z,13,0,3,0,10
2020-02-16T00:00:00Z,13,0,3,0,10
2020-02-17T00:00:00Z,13,0,3,0,10
2020-02-18T00:00:00Z,13,0,3,0,10
2020-02-19T00:00:00Z,13,0,3,0,10
2020-02-20T00:00:00Z,13,0,3,0,10
2020-02-21T00:00:00Z,15,2,5,0,10
2020-02-22T00:00:00Z,15,0,5,0,10
2020-02-23T00:00:00Z,15,0,5,0,10
2020-02-24T00:00:00Z,51,36,5,0,46
2020-02-25T00:00:00Z,51,0,6,0,45
2020-02-26T00:00:00Z,57,6,6,0,51
2020-02-27T00:00:00Z,58,1,6,0,52
2020-02-28T00:00:00Z,60,2,7,0,53
2020-02-29T00:00:00Z,68,8,7,1,60
2020-03-01T00:00:00Z,74,6,7,1,66
2020-03-02T00:00:00Z,98,24,7,6,85
2020-03-03T00:00:00Z,118,20,7,7,104
2020-03-04T00:00:00Z,149,31,7,11,131
2020-03-05T00:00:00Z,217,68,7,12,198
2020-03-06T00:00:00Z,262,45,7,14,241
2020-03-07T00:00:00Z,402,140,7,17,378
2020-03-08T00:00:00Z,518,116,7,21,490
2020-03-09T00:00:00Z,583,65,7,22,554
2020-03-10T00:00:00Z,959,376,8,28,923
2020-03-11T00:00:00Z,1281,322,8,36,1237
2020-03-12T00:00:00Z,1663,382,12,41,1610
2020-03-13T00:00:00Z,2179,516,12,49,2118
2020-03-14T00:00:00Z,2727,548,12,58,2657
2020-03-15T00:00:00Z,3499,772,12,73,3414
2020-03-16T00:00:00Z,4632,1133,17,99,4516
2020-03-17T00:00:00Z,6421,1789,17,133,6271
2020-03-18T00:00:00Z,7783,1362,105,164,7514
2020-03-19T00:00:00Z,13747,5964,121,258,13368
2020-03-20T00:00:00Z,19273,5526,147,349,18777
2020-03-21T00:00:00Z,25600,6327,176,442,24982
2020-03-22T00:00:00Z,33276,7676,178,586,32512
2020-03-23T00:00:00Z,43843,10567,178,786,42879
2020-03-24T00:00:00Z,53736,9893,348,1008,52380
2020-03-25T00:00:00Z,65778,12042,361,1316,64101
2020-03-26T00:00:00Z,83836,18058,681,1726,81429
2020-03-27T00:00:00Z,101657,17821,869,2265,98523
2020-03-28T00:00:00Z,121465,19808,1072,2731,117662
2020-03-29T00:00:00Z,140909,19444,2665,3420,134824
2020-03-30T00:00:00Z,161831,20922,5644,4192,151995
2020-03-31T00:00:00Z,188172,26341,7024,5367,175781
2020-04-01T00:00:00Z,213242,25070,8474,6501,198267
2020-04-02T00:00:00Z,243622,30380,9001,7921,226700
2020-04-03T00:00:00Z,275367,31745,9707,9246,256414
2020-04-04T00:00:00Z,308650,33283,14652,10855,283143
2020-04-05T00:00:00Z,336802,28152,17448,12375,306979
2020-04-06T00:00:00Z,366317,29515,19581,13894,332842
2020-04-07T00:00:00Z,397121,30804,21763,16191,359167
2020-04-08T00:00:00Z,428654,31533,23559,18270,386825
2020-04-09T00:00:00Z,462780,34126,25410,20255,417115
2020-04-10T00:00:00Z,496535,33755,28790,22333,445412
2020-04-11T00:00:00Z,526396,29861,31270,24342,470784
2020-04-12T00:00:00Z,555313,28917,32988,26086,496239
2020-04-13T00:00:00Z,580619,25306,43482,27870,509267
2020-04-14T00:00:00Z,607670,27051,47763,30262,529645
2020-04-15T00:00:00Z,636350,28680,52096,32734,551520
2020-04-16T00:00:00Z,667592,31242,54703,34827,578062
2020-04-17T00:00:00Z,699706,32114,58545,37411,603750
2020-04-18T00:00:00Z,732197,32491,64840,39753,627604
2020-04-19T00:00:00Z,758809,26612,70337,40945,647527
2020-04-20T00:00:00Z,784326,25517,72329,42659,669338
2020-04-21T00:00:00Z,811865,27539,75204,45086,691575
2020-04-22T00:00:00Z,840351,28486,77366,47412,715573
2020-04-23T00:00:00Z,869170,28819,80203,49724,739243
2020-04-24T00:00:00Z,905358,36188,99079,51493,754786
2020-04-25T00:00:00Z,938154,32796,100372,53755,784027
2020-04-26T00:00:00Z,965785,27631,106988,54881,803916
2020-04-27T00:00:00Z,988197,22412,111424,56259,820514
2020-04-28T00:00:00Z,1012582,24385,115936,58355,838291
2020-04-29T00:00:00Z,1039909,27327,120720,60967,858222
2020-04-30T00:00:00Z,1069424,29515,153947,62996,852481
2020-05-01T00:00:00Z,1103461,34037,164015,64943,874503
2020-05-02T00:00:00Z,1132539,29078,175382,66369,890788
2020-05-03T00:00:00Z,1158040,25501,180152,67682,910206
2020-05-04T00:00:00Z,1180375,22335,187180,68922,924273
2020-05-05T00:00:00Z,1204351,23976,189791,71064,943496
2020-05-06T00:00:00Z,1228603,24252,189910,73431,965262
2020-05-07T00:00:00Z,1257023,28420,195036,75662,986325
2020-05-08T00:00:00Z,1283929,26906,198993,77180,1007756
2020-05-09T00:00:00Z,1309550,25621,212534,78795,1018221
2020-05-10T00:00:00Z,1329260,19710,216169,79526,1033565
2020-05-11T00:00:00Z,1347881,18621,232733,80682,1034466
2020-05-12T00:00:00Z,1369376,21495,230287,82356,1056733
2020-05-13T00:00:00Z,1390406,21030,243430,84119,1062857
2020-05-14T00:00:00Z,1417774,27368,246414,85898,1085462
2020-05-15T00:00:00Z,1442824,25050,250747,87530,1104547
2020-05-16T00:00:00Z,1467820,24996,268376,88754,1110690
2020-05-17T00:00:00Z,1486757,18937,272265,89562,1124930
2020-05-18T00:00:00Z,1508308,21551,283178,90347,1134783
2020-05-19T00:00:00Z,1528568,20260,289392,91921,1147255
2020-05-20T00:00:00Z,1551853,23285,294312,93439,1164102
2020-05-21T00:00:00Z,1577147,25294,298418,94702,1184027
2020-05-22T00:00:00Z,1600937,23790,350135,95979,1154823
2020-05-23T00:00:00Z,1622612,21675,361239,97087,1164286
2020-05-24T00:00:00Z,1643246,20634,366736,97720,1178790
2020-05-25T00:00:00Z,1662302,19056,379157,98220,1184925
2020-05-26T00:00:00Z,1680913,18611,384902,98913,1197098
2020-05-27T00:00:00Z,1699176,18263,391508,100418,1207250
